14512 7.5 29 99 101 102 9103
5 29 99 101 102 9103
14512 8.5 29 99 101 102 9103
5 29 99 101 102 9103
14512 9.5 29 99 101 102 9103
5 29 99 101 102 9103
14512 10.5 29 99 101 102 9103
5 29 99 101 102 9103
14512 11.5 29 99 101 102 9103
5 29 99 101 102 9103
14721 7.5 29 99 101 102 9103
5 29 99 101 102 9103
14721 8.5 29 99 101 102 9103
5 29 99 101 102 9103
14721 9.5 29 99 101 102 9103
5 29 99 101 102 9103
14721 10.5 29 99 101 102 9103
5 29 99 101 102 9103
14721 11.5 29 99 101 102 9103
5 29 99 101 102 9103
14735 7.5 29 99 101 102 9103
5 29 99 101 102 9103
14735 8.5 29 99 101 102 9103
5 29 99 101 102 9103
14735 9.5 29 99 101 102 9103
5 29 99 101 102 9103
14735 10.5 29 99 101 102 9103
5 29 99 101 102 9103
14735 11.5 29 99 101 102 9103
5 29 99 101 102 9103
14974 7.5 29 99 101 102 9103
5 29 99 101 102 9103
14974 8.5 29 99 101 102 9103
5 29 99 101 102 9103
14974 9.5 29 99 101 102 9103
5 29 99 101 102 9103
14974 10.5 29 99 101 102 9103
5 29 99 101 102 9103
14974 11.5 29 99 101 102 9103
5 29 99 101 102 9103
15360 7.5 29 99 101 102 9103
5 29 99 101 102 9103
15360 8.5 29 99 101 102 9103
5 29 99 101 102 9103
15360 9.5 29 99 101 102 9103
5 29 99 101 102 9103
15360 10.5 29 99 101 102 9103
5 29 99 101 102 9103
15360 11.5 29 99 101 102 9103
5 29 99 101 102 9103
15512 7.5 29 99 101 102 9103
5 29 99 101 102 9103
15512 8.5 29 99 101 102 9103
5 29 99 101 102 9103
15512 9.5 29 99 101 102 9103
5 29 99 101 102 9103
15512 10.5 29 99 101 102 9103
5 29 99 101 102 9103
15512 11.5 29 99 101 102 9103
5 29 99 101 102 9103
15528 7.5 29 99 101 102 9103
5 29 99 101 102 9103
15528 8.5 29 99 101 102 9103
5 29 99 101 102 9103
15528 9.5 29 99 101 102 9103
5 29 99 101 102 9103
15528 10.5 29 99 101 102 9103
5 29 99 101 102 9103
15528 11.5 29 99 101 102 9103
5 29 99 101 102 9103
15652 7.5 29 99 101 102 9103
5 29 99 101 102 9103
15652 8.5 29 99 101 102 9103
5 29 99 101 102 9103
15652 9.5 29 99 101 102 9103
5 29 99 101 102 9103
15652 10.5 29 99 101 102 9103
5 29 99 101 102 9103
15652 11.5 29 99 101 102 9103
5 29 99 101 102 9103
